20.530549999999998
20.62269975
20.779549600000003
20.715099300000002
20.35119915
19.377849599999998
19.83720015
19.87825015
20.0447502
20.09290025
19.9670496
20.534799600000003
20.6835499
20.725799600000002
20.46035005
20.474300399999997
20.71915055
20.55770015
20.150899850000002
20.4049997
20.4677
20.627599699999998
20.61340045
20.549500450000004
20.5123005
20.1673994
19.64349935
18.217
18.938749350000002
20.429200200000004
20.78880025
20.267800299999998
21.077750199999997
19.842149749999997
19.5895996
19.5258999
19.09924985
18.9868498
17.1536999
19.398249649999997
19.836950299999998
19.9058504
19.9932995
20.2378502
20.416349450000002
20.534400899999998
20.62129975
20.804249749999997
20.75765035
20.524900449999997
20.3884001
20.4950504
20.6651497
20.68945025
19.1976995
18.82814975
19.00615025
18.8605995
18.698299399999996
19.694300650000002
19.50384995
19.21290015
18.972399700000004
17.680500000000002
19.4983492
19.6566
20.0037003
19.99195005
20.093049999999998
20.4242992
20.6382008
20.664499300000003
20.68010045
20.49370005
20.3921499
20.483900050000003
20.6112995
20.483849499999998
20.651699999999998
20.489600200000005
20.223250399999998
19.440599399999996
18.9754009
18.7784004
18.918300600000002
17.9584999
19.637249949999998
19.525799749999997
19.9712009
19.9335003
20.131799700000002
20.357700350000002
20.41049955
20.4297009
20.66260055
20.7149
20.6896
20.6702995
20.5372
20.496649700000003
20.48980045
19.72095015
18.8593006
18.6503
18.7539997
19.01679995
19.5908995
19.48270035
20.2961998
19.74195005
18.676200899999998
20.830499600000003
18.82075025
20.00829985
19.86390015
20.31904985
20.580550199999998
20.788399700000003
20.755450250000003
20.653100000000002
20.35844995
20.622049349999998
19.0726004
19.073900199999997
19.773449900000003
19.7879505
20.1462498
19.83279995
18.4520998
20.5310507
20.752550149999998
20.8874998
19.325300199999997
19.9844503
20.003000299999997
17.16810035
19.979999550000002
19.662599550000003
20.00475025
19.577749249999997
19.14655015
20.48945045
20.759149549999997
20.809850700000002
19.2937498
19.9203501
19.3175001
19.9737997
19.5870504
20.6357994
20.290849700000003
19.716899850000004
20.6204004
20.87514975
20.532499350000002
19.3561001
20.0145502
18.73779965
20.177149749999998
16.456349349999996
19.27234935
19.9712505
20.1210003
20.034899700000004
20.40549945
19.649749749999998
20.541999800000003
19.28735065
20.33664985
18.60550025
19.59515
19.96780015
20.331150100000002
19.5002508
20.5613508
19.5496006
20.1391497
19.5276995
19.560150150000002
20.376699399999996
19.6576004
20.6807995
19.22564985
19.748100300000004
19.786600149999998
19.72940065
20.4106007
18.733099950000003
18.6777496
18.947750050000003
18.87555025
19.00789925
20.17914965
20.046750100000004
19.87409975
20.1001997
19.220450399999997
18.294300049999997
19.75010015
19.5000992
20.201550499999996
17.151800199999997
19.8297997
19.2212009
19.8810997
20.720700299999997
21.00875
19.1462498
19.35429955
19.77635
20.280499499999998
20.053649900000003
20.05425075
20.18914985
20.784750000000003
20.62024975
20.71399975
20.4965
20.4623499
20.76805015
20.4557495
20.090149850000003
20.3318491
20.48600005
20.69834995
20.475700399999997
20.416550649999998
20.2699003
19.400399200000003
19.312099449999998
20.381449699999997
20.675499900000002
20.234199500000003
19.2360506
19.77649975
20.3295507
20.7989502
20.9001503
20.74865055
20.86154935
20.734399800000002
21.226400350000002
21.063200000000002
20.018499400000003
19.94200035
20.114899649999998
20.1891508
20.34430025
20.593049999999998
20.66639995
20.30819985
20.665699949999997
20.851799999999997
20.7050991
20.9118004
20.76874925
20.3504
20.67014985
20.7542
20.826450350000002
19.38850025
19.014750499999998
20.52645015
20.56190015
20.753149999999998
20.774700199999998
20.7565498
20.42420005
20.9542999
20.47210025
20.977900499999997
20.8771
19.93675045
20.391900049999997
19.957500500000002
19.848700549999997
19.6988001
19.37365055
19.99555015
20.2012501
20.2164001
20.4499502
20.5274
20.8279991
20.9613495
20.7973499
20.7623997
20.9339504
20.9442997
20.6706505
20.4659996
20.74115085
20.6349001
20.9363995
20.217700049999998
20.8882008
20.70759965
20.5662994
19.41919995
18.81339935
20.5645008
21.009349799999995
20.7831001
20.7049503
20.850899700000003
20.8023005
21.0767994
20.814800299999998
20.741050700000002
20.2983503
20.04055025
19.8911991
19.5859499
19.403999300000002
19.0420494
19.798599199999998
19.9638004
20.1731005
20.3093996
20.513900749999998
20.75335025
20.9260502
20.8565502
20.688699749999998
20.97319985
20.667200100000002
20.65084935
20.709899899999996
20.75239945
20.6804495
20.7530003
20.78555015
20.556350700000003
18.944799399999997
19.149749749999998
20.3831005
21.0633001
20.68645
20.576099399999997
20.719101000000002
20.732000399999997
20.78615
20.7521
21.068349849999997
21.077750200000004
20.7340994
20.46745015
19.9294996
19.678849200000002
18.3874998
16.789500250000003
19.77560045
19.745900149999997
20.071149799999997
20.0611992
20.3405504
20.504550000000002
20.7591991
20.846250500000004
20.8717003
20.63899995
20.729199450000003
20.9347
20.478399300000003
20.524450299999998
20.6494999
20.6133003
20.715699200000003
19.900650049999996
20.331499100000002
20.678200750000002
21.0948
20.7609997
20.909750000000003
21.0057497
21.11310005
20.2518501
20.3661003
19.953499800000003
19.95654965
18.9414997
16.7124004
19.03625015
19.892099350000002
20.08780005
20.1669998
20.1515007
20.4592495
20.7432995
21.07365035
20.7024002
20.74569985
20.947250349999997
21.087750399999997
20.816800100000002
20.7406998
20.5832996
20.74195005
20.873800250000002
20.8364496
20.74450015
20.04444985
20.679050450000002
17.291200600000003
20.723099700000002
20.797249799999996
20.8590498
21.068099949999997
20.44435025
20.5998497
19.856000899999998
19.9420004
19.75665
19.760049799999997
19.34539985
19.100950249999997
19.716149350000002
19.84525015
20.1442995
20.07214925
20.11170005
20.64270015
20.80235005
20.91604995
20.75874995
20.8345499
20.961050050000004
20.9464502
20.88445
20.9211998
20.787799800000002
20.894400599999997
20.87180045
20.69695
20.74985025
20.1147995
20.2435999
18.46414945
17.287000649999996
20.6563005
20.7305994
20.9714003
21.0574503
21.25720025
19.92070005
20.0499992
19.815799749999996
19.577649100000002
19.69384955
