2458425.7342361 -67.90460171475668 45.8837220351636 r
2458369.9747569 2.140335236965219 5.285394412473221 g
2458383.9790278 26.2149227658839 5.127858770858164 g
2458385.808588 7.450212406298321 18.5429524198541 r
2458385.8921412 -3.472583498459556 16.258053524955876 g
2458376.9193403 85.1708084304059 5.707570858634689 r
2458384.9693287 20.272032914367955 14.535679581252829 g
2458383.9026505 22.05979044529147 10.013660216027045 r
2458380.9349884 37.69427861112322 5.2384089891713606 r
2458378.9519444 55.154453394536446 4.944986571363525 g
2458425.8409838 -6.8412689938671765 5.348555810066237 g
2458370.9211111 4.10232206077777 5.175125190592973 r
2458422.8184144 -12.193224450191353 11.161978893679041 r
2458385.7979514 24.259051237960094 16.310463930345556 r
2458372.8907407 5.437283954852608 6.298424062898159 r
2458397.9042824 -3.1897594033002865 6.3161235143760335 r
2458428.7542708 6.198680677424279 7.320054151516677 r
2458377.9260764 76.63149573652535 5.953591515598596 r
2458374.8913426 101.16016567069558 6.617467519617669 r
2458378.9013542 63.359243380747785 5.771598028603271 r
2458370.8882407 -0.3950067283470819 5.551438466298476 g
2458382.8391782 34.41097626785018 8.362298271483317 r
2458371.8833681 2.4842174494472524 5.103641607348431 g
2458372.920706 10.392285841887157 5.345286194904357 g
2458375.9336227 131.04201004421122 5.9766943009290525 g
2458385.891169 32.106618636648044 25.817918552147127 g
2458376.943044 123.5918961143188 5.65105086682835 g
2458374.9060069 153.4330193393829 6.515009983423432 g
2458377.8888194 92.00894435148541 5.548426046641105 g
2458375.8712269 107.37857191167521 6.508234336743798 r
2458386.9729514 7.554637056945814 27.80683738512682 g
2458390.8775694 3.3390898872224026 12.966932784838113 g
2458372.8898148 0.46181904876421065 5.4518847308303435 r
2458378.9022685 56.75054633684166 5.6448332101166026 r
2458372.9197917 1.8047955863200837 4.852097891875951 g
2458382.9331829 27.96609187567598 5.008326152090792 g
2458379.923206 45.26143703480269 6.219874958955473 r
2458369.9756944 6.062889120612925 4.5607769226366175 g
2458373.9477083 84.68469444823927 7.014115602383901 r
2458386.9012037 -10.39110739987356 16.928258892687925 r
2458371.9359838 -6.794091475942484 4.779225510329209 r
2458422.7694329 -6.505993392345819 7.223315529857241 g
2458382.8382639 37.99221760489551 9.618602595665967 r
2458379.9440162 54.65177332658168 5.953611635849108 g
2458397.8739699 10.67349406516353 5.189593371576697 g
2458378.9528588 68.52948049552056 5.771081011216799 g
2458390.757963 -26.4089282012494 14.67049007423412 r
2458375.8721412 99.43887137273666 6.676300906166137 r
2458382.9341551 23.414832872256618 4.935666983511382 g
2458428.7184028 -5.393622024710441 5.580809532116788 g
2458375.9327083 136.45435622922147 5.850419719504791 g
2458373.9075231 130.39304435025474 6.399833853746413 g
